[gd_scene load_steps=9 format=2]

[ext_resource path="res://assets/John.tscn" type="PackedScene" id=1]
[ext_resource path="res://scripts/John.gd" type="Script" id=2]
[ext_resource path="res://synthwaveEnv.tres" type="Environment" id=3]

[sub_resource type="BoxShape" id=1]

[sub_resource type="CubeMesh" id=2]

[sub_resource type="BoxShape" id=3]
extents = Vector3( 15, 1, 15 )

[sub_resource type="SpatialMaterial" id=4]
albedo_color = Color( 0.0666667, 0.396078, 0.0352941, 1 )

[sub_resource type="CubeMesh" id=5]
material = SubResource( 4 )
size = Vector3( 30, 2, 30 )

[node name="Level" type="Spatial"]

[node name="Box" type="RigidBody" parent="."]
transform = Transform( 0.882316, -0.41671, 0.218796, 0.470658, 0.781183, -0.410165, 0, 0.464873, 0.885377, 0, 8.90965, 0 )

[node name="CollisionShape" type="CollisionShape" parent="Box"]
shape = SubResource( 1 )

[node name="MeshInstance" type="MeshInstance" parent="Box"]
transform = Transform( 1, -2.98023e-08, 1.49012e-08, 0, 1, 0, 0, 0, 1, 0, 0, 0 )
mesh = SubResource( 2 )
material/0 = null

[node name="Floor" type="StaticBody" parent="."]
transform = Transform( 1, 0, 0, 0, 1, 0, 0, 0, 1, 0, -1, 0 )

[node name="CollisionShape" type="CollisionShape" parent="Floor"]
shape = SubResource( 3 )

[node name="MeshInstance" type="MeshInstance" parent="Floor"]
mesh = SubResource( 5 )
material/0 = null

[node name="John" parent="." instance=ExtResource( 1 )]
transform = Transform( 1, 0, 0, 0, 1, 0, 0, 0, 1, 0, 1, 0 )
script = ExtResource( 2 )

[node name="CameraTarget" type="Spatial" parent="John"]
transform = Transform( 1, 0, 0, 0, 0.970067, 0.242836, 0, -0.242836, 0.970067, 0, 3.87872, 13.5537 )

[node name="InterpolatedCamera" type="InterpolatedCamera" parent="."]
transform = Transform( 1, 0, 0, 0, 1, 0, 0, 0, 1, 0, 47.4198, 183.864 )
environment = ExtResource( 3 )
target = NodePath("../John/CameraTarget")
speed = 4.0
enabled = true

[node name="DirectionalLight" type="DirectionalLight" parent="."]
transform = Transform( 0.915403, -0.34371, 0.209526, -0.379492, -0.563276, 0.733966, -0.13425, -0.751388, -0.646059, 0, 4.90646, 0 )
light_color = Color( 0.945098, 0.819608, 0, 1 )
light_energy = 2.43
shadow_enabled = true
directional_shadow_max_distance = 40.0
